19
23
31
44
46
55
65
74
77
86
102
110
128
140
157
182
534
555
561
577
624
695
750
796
883
941
950
1007
1014
1095
1108
1146
1236
1243
1371
1501
1584
1643
1736
1759
1765
1832
1841
1985
1994
2138
2239
2240
2244
2256
2263
2292
2315
2404
2463
2484
2540
2553
2605
2637
2692
2737
2779
2784
2834
2871
2937
2947
3079
3138
3160
3189
3238
3307
3309
3318
3472
3503
3525
3628
3659
3696
3847
3850
3856
3888
3897
3912
3929
3932
3941
3943
3944
3954
3955
3966
3971
3974
3976
3978
3990
3999
4006
4009
4019
4029
4047
4052
4058
4066
4094
4099
4104
4133
4171
4191
4193
4204
4210
4215
4237
4242
4251
4271
4303
4317
4318
4343
4359
4370
4377
4382
4383
4385
4387
4391
4402
4411
4420
4433
4443
4449
4512
4527
4562
4565
4581
4635
4728
4729
4740
4748
4772
4774
4825
4830
4853
4887
4917
4922
4923
4934
4942
4957
4969
4987
4991
5063
5065
5073
5083
5160
5192
5384
5397
5402
5406
5451
5473
5482
5521
5534
5539
5545
5580
5637
5661
5665
5719
5730
5731
5779
5830
5863
5918
5995
6046
6059
6066
6105
6113
6238
6294
6371
6415
6428
6438
6474
6539
6555
6556
6577
6673
6710
6921
7033
7060
7106
7123
7164
7167
7189
7277
7282
7287
7298
7388
7411
7414
7420
7431
7449
7493
7514
7516
7526
7578
7608
7642
7643
7650
7726
7734
7794
7801
7841
7849
7929
7933
7941
7951
8004
8011
8015
8099
8146
8160
8164
8199
8209
8210
8231
8264
8269
8298
8349
8422
8527
8545
8575
8603
8710
8771
8862
8886
8948
8967
9000
9001
9034
9043
9064
9104
9130
9171
9187
9190
9270
9277
9283
9284
9289
9318
9379
9408
9438
9458
9484
9499
9515
9545
9557
9582
9673
9676
9685
9690
9691
9733
9782
9795
9799
9823
9860
9877
9945
9958
9970
9975
9977
9990
9996
10002
10018
10025
10049
10063
10070
10071
10073
10093
10096
10145
10183
10359
10361
10370
10377
10381
10464
10632
10686
10769
10983
11043
11083
11211
11223
11535
11655
12062
12094
12135
12183
12199
12212
12233
12532
13025
13471
14192
14194
14223
14251
14363
14411
14554
14677
14718
14732
14760
14887
14956
15045
15064
15123
15192
15214
15235
15387
15391
15693
15707
15713
15724
15745
15993
16050
16062
16076
16093
16250
16350
16366
16393
16397
16487
16510
16553
16564
16643
16670
16798
16848
16873
16921
17109
17315
17459
17511
17635
17819
17960
18102
18426
18429
18430
18499
18566
18574
18604
18608
18659
18673
18680
18688
18697
18701
18713
18718
18724
18725
18751
18767
18777
18790
18794
18820
18823
18825
18828
18834
18859
18871
18899
18911
18914
18967
18974
19003
19036
19053
19055
19058
19063
19068
19092
19096
19138
19168
19200
19239
19264
19301
19362
19384
19483
19502
19506
19509
19532
19553
19573
19618
19631
19634
19685
19688
19703
19737
19740
19757
19758
19826
19829
19839
19873
19917
19927
19954
19973
20038
20041
20063
20129
20133
20168
20169
20174
20175
20205
20213
20228
20229
20233
20240
20339
20347
20368
20389
20391
20458
20466
20488
20503
20511
20513
20517
20557
20762
20788
20801
20924
20926
20932
20935
20941
20946
20982
20998
21000
21005
21053
21056
21105
21110
21133
21208
21212
21238
21270
21330
21449
21511
21516
21543
21547
21605
21623
21643
21644
21656
21807
21825
21857
21883
21886
21903
21910
21918
21930
21937
21939
21950
21982
22003
22013
22030
22034
22087
22089
22092
22100
22104
22110
22116
22119
22133
22140
22156
22172
22201
22209
22211
22214
22236
22251
22285
22329
22335
22349
22435
22445
22469
22474
22484
22485
22496
22504
22534
22541
22546
22594
22595
22597
22610
22620
22640
22650
22681
22719
22749
22819
22832
22883
22945
22950
22964
22972
22991
23047
23058
23078
23126
23128
23171
23182
23183
23193
23215
23223
23265
23278
23289
23297
23336
23354
23365
23371
23385
23393
23403
23410
23413
23456
23458
23492
23516
23530
23547
23565
23572
23624
23631
23656
23675
23683
23757
23774
23824
23962
24024
24070
24146
24174
24196
24234
24248
24354
24365
24382
24385
24442
24449
24460
24501
24536
24542
24560
24561
24564
24687
24714
24716
24718
24733
24734
24760
24823
24869
24872
24891
24897
24939
24955
24957
24967
24973
24975
24994
25005
25049
25053
25096
25169
25176
25180
25204
25205
25234
25239
25264
25298
25335
25367
25394
25403
25473
25512
25534
25573
25653
25693
25776
25782
25783
25784
25787
25797
25827
25859
25882
25906
25942
26025
26047
26064
26115
26130
26132
26150
26162
26166
26170
26176
26281
26302
26325
26347
26437
26537
26563
26569
26600
26642
26643
26663
26670
26684
26685
26686
26692
26694
26703
26711
26712
26715
26717
26731
26737
26739
26754
26755
26764
26772
26780
26781
26782
26784
26787
26795
26797
26803
26813
26815
26833
26837
26847
26852
26862
26867
26868
26870
26875
26879
26882
26884
26887
26888
26892
26895
26896
26902
26908
26913
26924
26929
26935
26949
26955
26957
26969
26971
26975
26976
26978
26986
26987
26988
26989
26990
26994
26995
27000
27003
27005
27012
27015
27016
27019
27022
27026
27037
27041
27049
27050
27052
27054
27068
27072
27079
27086
27111
27121
27129
27132
27136
27141
27147
27152
27187
27197
27203
27223
27226
27227
27234
27239
27357
27762
27906
27971
27975
28044
28232
28238
28270
28431
28448
28470
28498
28499
28519
28582
28683
28833
28848
28903
29012
29095
29112
29197
29224
29322
29370
29413
29418
29458
29540
29541
29628
29677
29691
29703
29949
30075
30202
30302
30439
30613
30624
30650
30797
30874
30940
30942
30952
30965
30991
30993
31120
31165
31186
31257
31289
31304
31314
31323
31362
31372
31396
31399
31400
31558
31572
31578
31647
31853
31878
31889
31900
32290
32444
32476
32677
32769
32838
33032
33049
33068
33151
33211
33215
33234
33271
33274
33367
33369
33396
33406
33407
33541
33561
33616
33651
33708
33745
33799
33803
33912
33966
34060
34065
34170
34220
34303
34380
34451
34505
34612
34618
34623
34702
34712
34811
34815
34834
34840
34961
34996
35016
35022
35040
35119
35319
35345
35353
35357
35362
35452
35458
35466
35511
35707
35765
35791
35793
35816
35862
36005
36077
36078
36171
36193
36207
36208
36224
36249
36344
36353
36378
36594
36613
36828
36834
36882
36885
36904
36916
37112
37150
37207
37257
37272
37273
37414
37449
37745
37952
37974
38007
38021
38024
38038
38078
38179
38191
38199
38205
38217
39014
39513
40511
41249
41400
43831
44974
45362
45389
46503
46714
48041
48322
49389
49797
50247
50855
51070
51527
52452
52658
53363
53541
54542
57371
57802
58670
58742
58803
59603
61526
61686
61845
62720
62750
65999
66047
66339
66587
67560
67873
68586
70482
72942
73449
75526
76114
76120
76214
76307
76392
76424
76510
76699
76792
77026
77140
77206
77308
77324
77357
77586
78226
78663
78694
78795
78807
78810
78836
79044
79203
79219
79427
79471
79513
79651
79764
79858
80062
80164
80214
80275
80291
80308
80316
80335
80366
80395
80524
80539
80541
80581
80750
80752
80797
80835
80863
80922
81069
81083
81189
81218
81252
81267
81343
81387
81407
81574
81759
81990
81996
82047
82097
82119
82276
82575
82756
82768
82784
82834
82888
83002
83075
83150
83226
83487
83588
83692
83706
83710
83756
83766
83771
83792
83816
83856
83903
84330
84469
84616
84697
84839
84866
84892
84958
84974
85033
85119
85324
85335
85381
85477
85592
85983
86097
86135
86219
86513
86588
86734
86735
86736
86901
86914
86993
87079
87138
87240
87275
87558
87564
87587
87646
87838
87940
87965
88002
88018
88251
88260
88264
88328
88351
88549
88708
88709
88727
88915
88935
89068
89087
89099
89144
89237
89423
89555
89699
89709
89836
89982
90026
90174
90264
90356
90444
90526
90565
90615
90630
90712
90739
90827
90898
91645
91650
91671
91696
91697
91738
91806
91809
91931
91989
92079
92159
92173
92239
92241
92542
92893
92946
92976
93502
93553
93671
93695
93837
93884
94084
94178
94366
94416
94517
94893
95180
95594
95718
95869
95913
95996
96073
96078
96095
96138
96376
96459
96577
96714
96779
96866
96895
96929
96954
97040
97077
97145
97231
97284
97340
97361
97418
97454
97486
97501
97504
97527
97532
97691
97737
97748
97752
97800
97889
97986
97998
98016
98019
98086
98096
98151
98281
98366
98438
98440
98484
98531
98595
98711
98714
98774
98865
99103
99232
99247
99293
99315
99318
99343
99370
99449
99573
99589
99599
99666
99673
99698
99826
99942
100018
100133
100137
100151
100200
100246
100275
100343
100403
100463
101060
101092
101094
101129
101282
101422
101441
101521
101557
101670
101760
101782
101832
101979
102009
102015
102027
102040
102146
102249
102265
102301
102375
102411
102536
102567
102608
102609
102645
102647
102648
102673
102698
102731
102747
102775
102829
102912
102913
103304
103541
103645
103725
103752
103843
103893
104032
104045
104271
104282
104337
104614
104625
104630
104764
104870
104932
104988
105086
105146
105149
105156
105216
105461
105551
105656
105695
105722
105787
105994
106017
106306
106424
106439
106485
106729
106732
106751
106793
106844
106983
107019
107180
107266
107424
107528
107633
107637
107662
107800
107817
107877
107890
107917
107965
108062
108198
108214
108248
108340
108650
108868
108935
108964
109093
109100
109409
109413
109438
109605
109928
110030
110069
110104
110265
110654
110735
110788
110813
110836
111161
111162
111506
111535
111552
111670
111679
111687
111783
111840
111967
112071
112080
112165
112172
112216
112458
112536
112763
112780
112948
112954
113042
113202
113519
113828
113903
113905
113983
114387
114520
114585
115015
115069
115304
115309
115358
115387
115508
115532
115578
115606
115655
115673
115694
115764
115786
115798
115799
115826
115827
115835
115847
115879
115881
115892
115943
115951
115955
115989
116033
116050
116111
116344
116359
116478
116522
116789
116835
116913
116977
117021
117049
117106
117141
117150
117298
117487
117708
117844
117886
117942
117949
118017
118052
118128
118195
118366
118529
118557
118598
118635
118679
118713
118843
118924
118935
119063
119184
119250
119252
119270
119646
119677
119952
119965
120131
120273
120335
120499
120509
120522
120588
120604
120659
120681
120703
120726
120751
120767
120827
120847
121037
121205
121299
121302
121304
121395
121460
121519
121566
121579
121683
121704
121763
121776
121789
121838
121870
121887
121937
121958
122009
122095
122148
122166
122212
122266
122348
122534
122553
122559
122581
122645
122670
122780
122808
122812
122879
122889
122902
122960
122991
122992
123061
123076
123087
123096
123120
123190
123200
123249
123294
123353
123429
123507
123530
123533
123796
123802
123847
123882
124299
124341
124390
124570
124813
124837
124873
124888
125061
125071
125300
125434
125841
126106
126201
126285
126288
126412
126499
126638
126675
126742
126961
127123
127305
127397
127416
127783
128169
128257
128550
128613
128726
128742
128747
128756
128796
128905
128916
129114
129249
130390
135418
135837
137468
137576
137673
137886
137991
139079
139098
139102
139108
139123
139162
139174
139177
139283
139307
139420
139460
139666
139688
139744
139838
139869
139884
139908
139937
139991
140006
140017
140098
140119
140158
140220
140228
140250
140266
140272
140310
140343
140374
140401
140547
140574
140798
140843
140894
140916
140937
140959
140977
140983
141054
141078
141174
141178
141223
141238
141256
141278
141295
141317
141325
141382
141444
141461
141477
141478
141513
141514
141567
141580
141591
141615
141623
141643
141648
141705
141764
141776
141780
141819
141841
141844
141845
141878
141908
141953
141954
141983
142015
142058
142062
142096
142106
142142
142213
142222
142255
142278
142289
142336
142364
142376
142383
142408
142410
142460
142478
142485
142500
142513
142554
142571
142608
142800
142890
142912
142985
143072
143089
143166
143209
143219
143321
143383
143523
143589
143614
143723
143816
143855
143980
144138
144232
144300
144434
144487
144576
144659
144963
144992
145008
145052
145124
145156
145172
145225
145251
145272
145306
145437
145454
145512
145593
145604
145624
145690
145733
145810
146010
146085
146087
146270
146278
146288
146291
146318
146402
146439
146463
146596
146728
146762
146779
146831
146882
147387
147460
147573
147593
147682
147876
147958
148071
148102
148169
148302
148304
148405
148447
148695
148789
148799
148831
148923
148935
148952
148963
149021
149038
149156
149233
149247
149284
149292
149299
149351
149355
149358
149545
149557
149578
149640
149656
149723
149740
149773
149784
149792
149873
149913
149941
149955
149963
150010
150077
150096
150133
150160
150215
150245
150262
150330
150340
150369
150385
150391
150460
150481
150495
150565
150593
150596
150622
150658
150660
150676
150783
150798
150854
150926
150946
150948
150962
150989
151029
151062
151104
151154
151236
151243
151296
151308
151358
151489
151522
151533
151539
151612
151625
151651
151687
151752
151763
151811
151816
152024
152076
152108
152206
152208
152244
152484
152639
152661
152666
152678
152741
152750
152772
152774
152803
152901
152922
153011
153083
153098
153154
153158
153173
153197
153298
153322
153468
153482
153502
153563
153675
153740
153750
153896
153922
153948
153956
153969
154022
154047
154184
154406
154769
154823
154853
155036
155084
155099
155346
155399
155476
155488
155534
155535
155578
155675
155724
155813
155915
156199
156368
156390
156409
156539
156540
156559
156571
156577
156596
156602
156605
156645
156678
156707
156732
156734
156738
156750
156759
156777
156792
156838
156856
156920
156921
156948
156953
157052
157103
157136
157210
157253
157387
157433
157552
157562
157589
157637
157663
157664
157670
157675
157693
157733
157920
157974
158049
158061
158068
158085
158116
158210
158221
158230
158236
158243
158245
158312
158329
158362
158374
158377
158496
158558
158562
158607
158720
158744
158793
158795
158941
158947
159110
159137
159171
159226
159230
159256
159269
159408
159459
159571
159649
159714
159745
159750
159790
159840
159997
160191
160316
160514
160735
160805
161027
161115
161175
161265
161312
161490
161520
161523
161554
161593
161689
161727
161781
161799
161804
161887
161905
161960
162007
162029
162061
162087
162132
162205
162214
162303
162361
162590
162619
162628
162663
162666
162779
162795
162799
162844
162862
162897
162915
162953
163336
163406
163482
163485
163514
163641
163766
163814
163825
163884
163936
164026
164028
164042
164163
164169
164338
164358
164388
164469
164536
164596
164606
164786
164793
164808
164826
164950
164982
165113
165170
165225
165240
165292
165315
165369
165381
165399
165401
165442
165472
165480
165558
165582
165597
165651
165716
165741
165803
165820
165854
165884
165910
165948
165958
165966
165978
165987
166018
166021
166151
166233
166250
166290
166308
166340
166473
166492
166497
166519
166530
166581
166633
166691
166725
166768
166771
166797
166812
166856
166867
166877
166891
166939
166951
166955
166967
167066
167097
167108
167149
167221
167301
167339
167362
167363
167365
167371
167404
167444
167458
167505
167506
167553
167592
167782
167797
167849
167851
167872
167932
167966
167986
168005
168051
168157
168199
168200
168261
168281
168292
168306
168319
168377
168408
168418
168509
168517
168535
168565
168589
168662
168666
168669
168724
168727
168767
168799
168813
168838
168853
168858
168881
168917
168962
168989
169003
169069
169114
169159
169194
169210
169323
169355
169385
169543
169573
169589
169607
169614
169617
169621
169670
169746
169762
169878
169884
169885
169892
169974
170012
170047
170074
170121
170160
170185
170228
170243
170247
170259
170292
170294
170317
170346
170355
170367
170382
170396
170402
170461
170509
170519
170543
170589
170594
170602
170669
170671
170701
170760
170785
170833
170837
170899
170912
170971
171038
171056
171059
171121
171126
171146
171150
171164
171180
171225
171258
171387
171413
171546
171564
171569
171589
171616
171617
171716
171743
171800
171804
171904
171906
171991
172010
172112
172158
172172
172189
172248
172302
172312
172323
172400
172518
172567
172576
172590
172667
172750
172804
172911
172951
173034
173054
173077
173089
173111
173114
173173
173176
173208
173352
173406
173416
173450
173469
173471
173500
173510
173521
173523
173559
173569
173575
173623
173642
173699
173709
173730
173739
173787
173812
173813
173827
173846
173901
173953
173977
173980
173984
174069
174122
174145
174159
174268
174283
174326
174328
174350
174352
174371
174405
174447
174464
174490
174548
174562
174646
174731
174735
174807
174839
174883
174917
174958
174965
174998
175014
175063
175088
175138
175161
175244
175264
175302
175343
175357
175364
175369
175383
175418
175433
175614
175625
175738
176064
176112
176147
176177
176245
176246
176301
176343
176428
176485
176526
176545
176551
176577
176615
176656
176746
176792
176801
176876
177049
177064
177112
177172
177185
177223
177235
177244
177280
177297
177338
177397
177559
177639
177688
177955
177958
178003
178138
178196
178328
178356
178420
178554
178707
178724
178790
178938
179077
179083
179093
179096
179099
179150
179243
179290
179339
179439
179624
179663
179711
179719
179744
179767
179831
179938
179951
179969
180000
180028
180034
180053
180068
180079
180081
180093
180115
180168
180172
180188
180232
180240
180279
180324
180339
180435
180445
180496
180527
180552
180622
180658
180745
180797
180808
180943
181018
181049
181158
181200
181262
182856
182974
183005
183064
183069
183079
183097
183098
183136
183139
183142
183214
183301
183309
183323
183357
183392
183398
183406
183436
183452
183503
183510
183524
183531
183557
183587
183647
183648
183649
183651
183652
183656
183659
183664
183673
183675
183678
183684
183689
183696
183707
183709
183719
183722
183724
183730
183734
183738
183739
183745
183746
183747
183749
183750
183752
183758
183768
183776
183803
183808
183830
183831
183835
183836
183843
183859
183862
183863
183869
183888
183910
183932
183944
183954
184037
184053
184063
184082
184098
184126
184130
184133
184150
184159
184163
184164
184168
184180
184202
184209
184218
184241
184259
184263
184269
184274
184282
184285
184288
184301
184302
184344
184361
184363
184366
184378
184392
184420
184422
184430
184434
184473
184522
184523
184558
184579
184611
184613
184660
184677
184687
184704
184719
184720
184728
184735
184736
184753
184768
184770
184781
184783
184785
184817
184830
184844
184858
184898
184918
184926
184936
184956
184960
185015
185034
185107
185169
185228
185283
185340
185369
185383
185395
185396
185418
185449
185467
185477
185490
185638
185680
185683
185721
185750
185762
185884
185894
185902
185924
185926
185936
185937
185950
185960
185968
186003
186017
186025
186043
186044
186059
186063
186073
186096
186101
186121
186194
186244
186309
186352
186364
186392
186399
186513
186568
186581
186595
186633
186697
186755
186765
186776
186826
186831
186842
186851
186852
186863
186865
186869
186876
186884
186887
186895
186897
186902
186913
186924
186928
186931
186934
186937
186943
186950
186968
186969
186974
187008
187016
187030
187047
187078
187177
187201
187365
187460
187519
187559
187684
187827
187986
188131
188405
188558
188650
188689
188999
189061
189082
189147
189150
189526
189548
189637
189675
189680
189992
190054
190136
190307
190344
190388
190412
190464
190684
190824
190884
190891
190923
191123
191274
191404
191470
191704
191825
191912
191919
191986
192068
192221
192345
192388
192442
192487
192498
192513
192746
192965
193236
193272
193300
193344
193379
193390
193521
193590
193660
193698
193706
193742
193801
193868
193997
194086
194103
194109
194188
194266
194334
194348
194468
194535
194638
194686
194801
194830
195001
195029
195091
195306
195544
195858
195859
195974
196213
196214
196255
196385
196390
196472
196856
197069
197108
197110
197226
197320
197399
197471
197690
197718
197740
197995
198325
198698
198707
198857
198952
199009
199041
199068
199231
199381
199518
199541
199550
199590
199606
199630
199974
200210
200283
200332
200401
200488
200812
200927
201038
201184
201495
201715
201728
202039
202063
202088
202089
202091
202095
202097
202123
202169
202171
202190
202215
202217
202243
202253
202259
202261
202263
202264
202280
202294
202318
202325
202337
202360
202361
202394
202411
202414
202426
202443
202459
202460
202461
202476
202499
202547
202555
202566
202575
202595
202605
202619
202626
202638
202736
202872
202884
202949
202964
202983
202994
203005
203023
203024
203032
203049
203120
203201
203227
203259
203278
203293
203344
203352
203468
203473
203478
203498
203543
203581
203584
203602
203630
203661
203695
204028
204214
204240
204277
204460
204788
204982
205199
205700
206332
206676
206770
206889
207256
207365
207657
207882
207930
208223
208493
208589
208643
208752
208788
208800
209158
209953
210053
210187
210704
211090
211166
211762
211942
212065
212106
212369
212485
212674
213314
213434
213975
214020
214654
214681
214876
214922
215026
215172
215336
216199
216276
216357
216476
217667
217718
217942
218612
218717
218769
219363
219380
219462
220106
220545
220758
221708
222411
222444
222523
222883
223235
223344
224381
224646
224675
225181
225279
225295
225533
225972
226416
226453
227050
227051
227174
227685
227932
228212
229389
229669
230773
230960
231269
231363
231483
231582
231938
232004
232133
232369
232657
232850
232881
232933
233092
233325
233432
234214
235044
235454
235561
235719
235878
236192
236817
237676
237976
238254
238355
239437
239769
240419
240516
242051
243336
243636
244180
244361
244523
245176
245298
246062
246346
246755
246766
246810
247491
247506
248586
249791
251078
252286
252426
252476
253584
253706
254160
254557
254686
255557
257222
258742
261720
262286
262395
262614
262627
262636
262696
262735
262755
263005
263131
263345
263615
263782
263930
263957
263999
264150
264464
264497
264555
264620
264633
264763
264817
265010
265229
265296
265831
265872
265903
265945
265991
266002
266074
266103
266232
266253
266496
266614
266648
266667
266820
267095
267191
267295
267393
267434
267580
267690
267864
267996
267997
268140
268154
268212
268468
268516
268864
268878
269028
269057
269090
269106
269329
269476
269704
269829
269869
269888
269989
269998
270266
270327
270483
270528
270636
270657
270662
270666
270670
270954
271033
271037
271060
271218
271299
271301
271518
271622
271642
271764
271794
271844
271884
271949
272020
272033
272040
272089
272216
272243
272257
272381
272441
272539
272648
272723
272915
272971
272989
272996
273123
273360
273422
273487
273527
273531
273547
273643
273708
273911
273940
273980
274214
274262
274288
274297
274318
274338
274380
274391
274421
274423
274457
274473
274496
274680
274728
274735
274785
274810
274869
274891
274926
274935
275006
275016
275087
275111
275119
275121
275134
275206
275315
275393
275621
275631
275712
275729
275748
275755
275758
275805
275819
275884
275939
275948
276030
276264
276287
276304
276322
276329
276334
276336
276440
276446
276464
276485
276500
276507
276657
276893
276909
277326
277549
277671
278097
278151
278243
278420
278507
278743
278821
278897
279436
279550
279711
279830
280144
280330
280771
280875
281358
281504
281686
282331
282544
282796
283388
283494
283510
283532
283686
283697
283790
283881
283906
283989
284015
284096
284123
284146
284424
284431
284529
284590
284618
284640
284711
285014
285266
285455
285624
285727
285778
285810
285856
285983
286000
286043
286055
286069
286112
286140
286178
286180
286184
286212
286213
286219
286287
286325
286350
286364
286367
286376
286387
286394
286401
286483
286488
286497
286512
286513
286543
286552
286649
286712
286715
286794
286796
286813
286848
286866
286890
286894
286966
287066
287122
287132
287178
287201
287254
287279
287302
287409
287467
287541
287570
287634
287656
287684
287709
287711
287766
288122
288225
288268
288280
288302
288751
288756
288764
288817
288832
288876
288879
288882
288891
288893
289195
289858
295110
295335
295436
295627
295644
295842
295902
295964
296032
296218
296329
296633
296803
296992
297079
297135
297246
297600
297843
298182
298202
298533
298758
298954
299128
299198
299339
299393
299697
299749
299898
299962
299970
299994
300087
300138
300260
300281
300291
300429
300733
300745
300845
300917
301179
301243
301245
301250
301255
301262
301266
301267
301271
301272
301278
301283
301285
301293
301296
301315
301317
301324
301330
301342
301343
301347
301348
301352
301354
301361
301366
301367
301375
301387
301388
301391
301402
301407
301408
301414
301415
301434
301438
301452
301453
301457
301459
301461
301463
301477
301487
301488
301495
301496
301501
301504
301509
301511
301512
301515
301516
301517
301520
301525
301528
301534
301536
301544
301553
301555
301556
301557
301558
301559
301567
301576
301584
301646
301668
301705
301717
301729
301735
301755
301756
301777
301825
301870
301874
301935
301936
301949
301988
301997
302080
302120
302163
302179
302204
302256
302328
302377
302402
302423
302428
302476
302516
302532
302560
302591
302602
302634
302647
302697
302722
302768
302791
302874
302896
302906
302940
302946
302962
303039
303041
303071
303089
303146
303184
303193
303202
303227
303242
303257
303309
303310
303413
303445
303455
303476
303528
303564
303594
303602
303640
303645
303674
303707
303863
303926
303934
303936
303962
304002
304013
304099
304113
304125
304145
304206
304208
304214
304221
304247
304256
304297
304306
304342
304379
304469
304577
304623
304742
304775
304802
304821
304849
304905
304910
304914
304935
304938
304941
304947
304948
305000
305018
305090
305127
305310
305322
305395
305459
305485
305505
305506
305523
305547
305568
305584
305623
305625
305636
305682
305746
305805
305848
305855
305860
305874
305880
305900
305910
305928
305935
305943
305946
305974
306032
306040
306056
306060
306083
306090
306147
306162
306177
306229
306243
306269
306275
306306
306347
306359
306367
306387
306421
306443
306471
306511
306532
306544
306570
306571
306602
306637
306639
306642
306653
306656
306657
306718
306745
306833
306853
306887
306938
306969
306981
306984
307003
307016
307053
307060
307095
307151
307198
307199
307251
307275
307282
307429
307430
307434
307450
307461
307477
307482
307541
307567
307572
307586
307594
307615
307636
307671
307695
307696
307763
307855
307935
307989
308027
308030
308051
308057
308071
308084
308106
308115
308142
308150
308158
308204
308206
308256
308286
308317
308391
308400
308409
308428
308479
308508
308559
308580
308658
308662
308708
308728
308736
308751
308824
308835
308846
308880
308881
308890
308928
308945
308984
308998
309018
309023
309029
309031
309035
309037
309040
309047
309055
309056
309059
309064
309088
309100
309101
309105
309107
309111
309119
309125
309137
309141
309294
309319
309324
309338
309341
309365
309481
309487
309539
309558
309616
309631
309647
309703
309725
309746
309854
309894
309902
309903
309914
309948
309971
309991
310066
310082
310120
310235
310270
310279
310311
310372
310376
310404
310430
310465
310488
310510
310606
310678
310680
310682
310732
310836
310901
310927
310964
311050
311081
311107
311213
311236
311329
311371
311378
311383
311440
311494
311497
311563
311565
311572
311577
311597
311629
311645
311673
311683
311751
311756
311786
311797
311808
311818
311827
311852
311883
311902
311908
311928
311980
312074
312104
312157
312185
312212
312248
312266
312275
312296
312309
312323
312339
312340
312355
312377
312427
312441
312500
312517
312527
312532
312533
312537
312546
312587
312602
312646
312678
312706
312764
312794
312839
312860
312867
312931
312986
313008
313017
313071
313077
313109
313137
313171
313176
313191
313224
313318
313362
313447
313609
313626
313738
313750
313765
313848
313877
314006
314067
314146
314201
314219
314224
314238
314243
314250
314255
314269
314341
314357
314404
314426
314456
314473
314491
314521
314536
314581
314622
314662
314671
314683
314695
314861
314983
314986
314993
315002
315060
315069
315088
315118
315146
315213
315255
315274
315299
315344
315350
315389
315441
315461
315517
315548
315598
315609
315621
315659
315666
315718
315754
315771
315933
315941
315957
316020
316023
316054
316064
316069
316089
316091
316097
316132
316163
316174
316194
316200
316219
316253
316274
316286
316337
316350
316360
316366
316373
316381
316399
316405
316441
316447
316459
316499
316603
316687
316706
316717
316742
316753
316769
316778
316806
316821
316839
316845
316860
316872
316882
316883
316897
316898
316917
316918
316985
316998
317023
317069
317104
317118
317130
317162
317186
317194
317207
317226
317230
317330
317356
317361
317461
317479
317581
317600
317625
317673
317729
317764
317781
317782
317863
317873
317876
317891
317906
317910
318023
318046
318049
318066
318067
318107
318118
318123
318167
318174
318181
318191
318221
318236
318262
318263
318290
318293
318379
318394
318439
318448
318483
318489
318520
318600
318626
318790
318816
318831
318842
318996
319028
319051
319061
319088
319090
319173
319183
319227
319229
319340
319352
319390
319411
319415
319417
319423
319425
319432
319438
319439
319478
319512
319547
319613
319629
319661
319671
319676
319678
319683
319696
319709
319744
319752
319757
319759
319761
319762
319771
319788
319795
319822
319874
319922
319978
319980
320085
320098
320111
320121
320156
320184
320206
320208
320229
320281
320321
320393
320437
320496
320546
320571
320619
320651
320727
320771
320773
320829
320868
320876
320973
321029
321050
321069
321124
321185
321226
321229
321239
321248
321276
321328
321344
321373
321467
321484
321519
321559
321573
321598
321648
321671
321753
321776
321778
321853
321891
321918
321949
321954
322036
322085
322088
322102
322120
322225
322236
322311
322313
322353
322354
322446
322455
322468
322476
322501
322504
322539
322544
322559
322737
322815
322894
322969
322972
323034
323129
323153
323163
323170
323202
323206
323222
323233
323238
323285
323289
323402
323476
323492
323530
323531
323537
323786
323801
323818
323873
323905
323992
324059
324081
324082
324130
324189
324202
324208
324369
324415
324449
324468
324470
324474
324500
324595
324597
324614
324645
324652
324783
324922
324989
325004
325055
325100
325218
325249
325257
325262
325274
325323
325369
325383
325406
325411
325424
325446
325507
325616
325645
325702
325752
325759
325812
325847
325859
325891
325932
325944
326006
326085
326096
326099
326140
326206
326310
326316
326356
326574
326583
326584
326617
326629
326796
326799
326869
326884
326900
326960
326963
327101
327122
327135
327147
327149
327150
327152
327153
327156
327158
327159
327161
327163
327172
327179
327188
327230
327296
327362
327441
327448
327542
327586
327643
327653
327663
327682
327794
327803
327884
327928
327935
327955
327958
327984
327993
328010
328106
328181
328200
328288
328302
328307
328504
328546
328589
328625
328698
328828
328890
328908
328922
328944
329002
329008
329018
329045
329052
329063
329100
329107
329124
329182
329186
329189
329227
329250
329298
329302
329356
329397
329477
329505
329563
329676
329713
329718
329734
329790
329913
330002
330017
330025
330055
330228
330313
330374
330384
330419
330433
330535
330545
330617
330677
330753
330770
330802
330900
330922
330925
330933
330940
330944
330958
331077
331101
331132
331148
331189
331219
331223
331247
331255
331341
331343
331356
331399
331491
331493
331504
331597
331614
331646
331744
331755
331772
331785
331788
331795
331837
331851
331937
331949
331961
331978
332077
332087
332096
332100
332150
332186
332190
332214
332262
332311
332323
332342
332382
332437
332453
332465
332480
332490
332511
332519
332565
332712
332743
332800
332842
332914
332943
332968
333064
333067
333077
333152
333178
333199
333262
333344
333378
333391
333601
333668
333704
333736
333777
333778
333870
333874
333908
333911
333918
333921
333927
333948
333951
333952
333970
334046
334074
334079
334134
334179
334240
334248
334253
334261
334309
334324
334359
334376
334425
334438
334507
334537
334559
334563
334711
334729
334757
334769
334792
334800
334874
334915
334934
334955
335037
335052
335141
335244
335385
335414
335471
335488
335492
335528
335545
335547
335612
335613
335664
335754
335811
335845
335863
335869
335871
335928
335995
336007
336028
336061
336072
336130
336135
336140
336185
336192
336199
336260
336287
336295
336297
336303
336319
336321
336338
336390
336437
336471
336474
336527
336635
336653
336706
336736
336770
336789
336799
336859
336896
336905
337015
337057
337078
337079
337092
337096
337102
337108
337110
337113
337116
337118
337123
337125
337128
337131
337135
337138
337142
337143
337146
337147
337151
337152
337153
337161
337162
337165
337166
337172
337176
337180
337181
337190
337197
337198
337202
337204
337209
337210
337215
337216
337219
337222
337223
337226
337232
337233
337239
337242
337244
337247
337250
337253
337256
337259
337261
337262
337264
337265
337270
337276
337277
337290
337368
337392
337395
337398
337414
337456
337464
337519
337607
337629
337641
337659
337660
337712
337767
337774
337874
337894
337919
337934
337940
337941
337953
337981
338020
338028
338088
338106
338300
338303
338331
338344
338387
338418
338432
338443
338466
338502
338514
338538
338572
338603
338618
338674
338740
338758
338779
338784
338825
338827
338857
338907
338937
338976
339009
339091
339144
339157
339182
339188
339297
339361
339414
339489
339492
339545
339566
339569
339654
339696
339755
339823
339865
339882
339887
339899
339931
339995
340059
340070
340076
340080
340098
340141
340248
340267
340282
340297
340313
340332
340334
340338
340345
340355
340359
340360
340380
340423
340473
340491
340511
340571
340592
340627
340655
340686
340723
340737
340802
340938
340991
341024
341055
341079
341118
341170
341184
341198
341231
341238
341280
341317
341365
341366
341369
341371
341378
341380
341432
341460
341837
341964
342076
342081
342090
342098
342113
342159
342163
342169
342184
342221
342267
342302
342323
342328
342363
342382
342523
342583
342597
342605
342629
342640
342651
342663
342747
342773
342780
342821
342829
342849
342868
342877
342923
343052
343113
343288
343314
343332
343354
343370
343409
343422
343607
343619
343642
343758
343777
343781
343817
343831
343834
343852
343856
343863
344001
344039
344050
344086
344102
344120
344129
344179
344321
344382
344388
344507
344582
344646
344732
344743
344750
344769
344770
344821
344854
344880
345055
345138
345144
345158
345160
345168
345170
345183
345186
345193
345233
345259
345290
345298
345370
345390
345398
345402
345410
345419
345455
345467
345498
345505
345545
345765
345819
345898
345910
345912
345927
345990
346000
346011
346028
346039
346041
346048
346070
346092
346110
346133
346140
346173
346203
346210
346242
346273
346275
346280
346293
346299
346302
346304
346305
346314
346317
346321
346322
346323
346327
346329
346339
346340
346342
346345
346348
346381
346432
346513
346615
346645
346650
346660
346748
346766
346781
346794
346798
346830
346863
346952
346978
347065
347107
347148
347213
347247
347255
347282
347380
347489
347501
347524
347564
347590
347693
347716
347717
347772
347858
347882
347886
347898
347941
347942
347969
347970
347981
348023
348106
348165
348173
348294
348315
348482
348486
348562
348565
348625
348639
348654
348677
348678
348755
348803
348826
348909
348916
348917
348930
348972
348973
348982
349026
349048
349068
349073
349128
349153
349276
349285
349321
349364
349369
349423
349435
349455
349483
349495
349599
349618
349646
349666
349673
349700
349701
349705
349711
349726
349746
349762
349787
349803
349810
349845
349861
349882
349888
349893
349923
349988
350003
350027
350040
350091
350211
350246
350250
350309
350333
350348
350474
350543
350578
350579
350581
350686
350727
350759
350763
350786
350789
350800
350911
351015
351060
351073
351099
351162
351189
351195
351232
351246
351347
351380
351384
351392
351406
351420
351544
351566
351574
351630
351640
351676
351686
351744
351746
351763
351770
351785
351865
351916
351932
351979
352035
352037
352060
352064
352095
352145
352198
352244
352256
352265
352286
352321
352360
352369
352389
352401
352447
352448
352454
352466
352527
352539
352545
352632
352695
352708
352735
352737
352743
352745
352778
352791
352813
352831
352845
352892
352974
353076
353096
353156
353200
353299
353312
353348
353384
353486
353560
353615
353684
353733
353788
353806
353991
354116
354211
354254
354263
354264
354294
354451
354453
354536
354565
354576
354616
354711
354755
354818
354838
354857
354877
355086
355089
355106
355196
355244
355271
355279
355293
355312
355398
355484
355514
355558
355560
355567
355584
355651
355660
355666
355689
355734
355740
355750
355910
355915
355925
355948
356104
356144
356145
356148
356162
356194
356246
356259
356321
356371
356394
356414
356423
356466
356511
356520
356541
356594
356597
356693
356708
356721
356797
356829
356841
356901
356927
356966
357073
357089
357120
357153
357166
357226
357233
357239
357244
357324
357362
357483
357501
357522
357539
357588
357594
357602
357605
357612
357675
357695
357725
357745
357752
357778
357785
357830
357837
357858
357920
357926
357959
358053
358070
358076
358092
358126
358165
358174
358251
358282
358359
358360
358366
358377
358431
358453
358492
358515
358517
358567
358644
358650
358656
358665
358666
358695
358727
358748
358770
358967
358969
358987
359153
359168
359195
359261
359366
359368
359391
359396
359418
359447
359459
359489
359498
359537
359540
359557
359594
359636
359643
359677
359696
359749
359772
359783
359796
359860
359864
359906
359915
359918
359936
359960
359979
360027
360046
360049
360066
360085
360129
360140
360172
360178
360195
360212
360218
360219
360222
360264
360268
360273
360277
360358
360362
360436
360497
360514
360537
360570
360613
360674
360689
360692
360806
360831
361079
361158
361220
361256
361267
361349
361358
361467
361475
361496
361511
361617
361641
361648
361674
361694
361746
361757
361772
361800
361834
361849
361869
361889
361891
361907
361953
361963
361964
361965
361966
361968
361972
361979
361980
361987
361994
362001
362004
362017
362018
362190
362223
362226
362238
362254
362255
362291
362295
362309
362319
362320
362333
362346
362352
362363
362385
362425
362438
362455
362522
362526
362549
362559
362592
362728
362739
362743
362793
362804
362818
362900
362955
362956
362989
363034
363035
363056
363068
363091
363098
363108
363118
363139
363148
363198
363212
363236
363259
363368
363377
363416
363426
363434
363445
363450
363475
363478
363513
363529
363530
363611
363626
363628
363629
363668
363677
363689
363727
363761
363791
363815
363817
363878
363920
363936
363963
363971
363994
364023
364039
364146
364160
364191
364242
364249
364317
364363
364391
364401
364419
364461
364472
364476
364504
364526
364545
364573
364589
364623
364660
364727
364758
364771
364793
364810
364862
364897
364936
364947
364981
365013
365071
365074
365089
365104
365179
365180
365222
365229
365257
365283
365305
365312
365343
365377
365403
365407
365433
365441
365504
365506
365513
365539
365560
365562
365677
365679
365681
365746
365764
365765
365807
365917
365993
366011
366050
366053
366083
366086
366088
366139
366149
366174
366175
366209
366210
366242
366265
366281
366362
366392
366398
366406
366420
366447
366497
366534
366589
366643
366735
366749
366752
366754
366757
366775
366784
366790
366838
366842
366860
366934
366960
366986
367014
367026
367082
367095
367127
367167
367170
367218
367223
367324
367375
367409
367425
367431
367492
367496
367498
367510
367516
367517
367524
367532
367535
367538
367549
367566
367568
367576
367583
367591
367595
367605
367609
367611
367613
367616
367617
367619
367622
367623
367629
367632
367648
367652
367657
367658
367660
367675
367676
367677
367746
367750
367758
367795
367826
367897
367928
367977
367989
368057
368079
368086
368103
368128
368134
368145
368151
368160
368186
368220
368245
368273
368278
368280
368311
368316
368324
368334
368350
368362
368403
368425
368427
368431
368448
368606
368636
368640
368728
368782
368788
368833
369020
369024
369048
369053
369086
369129
369164
369181
369203
369206
369282
369291
369294
369297
369299
369311
369352
369353
369366
369380
369392
369399
369448
369491
369516
369528
369548
369563
369569
369605
369614
369683
369692
369703
369709
369720
369742
369759
369898
370059
370081
370126
370176
370197
370217
370221
370243
370248
370270
370294
370344
370373
370425
370429
370460
370465
370485
370487
370561
370584
370606
370629
370688
370736
370761
370766
370791
370796
370810
370831
370849
370882
370907
370908
370925
370938
370968
371041
371042
371047
371069
371089
371107
371116
371118
371159
371211
371227
371244
371356
371360
371420
371423
371454
371513
371527
371532
371625
371718
371743
371780
371787
371876
371882
371920
371922
371938
371951
371976
372023
372104
372130
372145
372171
372179
372185
372200
372247
372330
372343
372352
372378
372383
372461
372555
372620
372637
372708
372713
372714
372733
372757
372794
372855
372861
372928
373009
373145
373235
373274
373315
373359
373384
373405
373407
373472
373475
373492
373531
373596
373711
373728
373853
373959
374053
374224
374245
374280
374311
374341
374345
374413
374418
374459
374548
374559
374630
374683
374709
374724
374747
374750
374781
374818
374845
374864
374884
374912
374920
374953
374987
375001
375011
375049
375059
375073
375078
375104
375112
375118
375142
375168
375202
375269
375270
375276
375302
375312
375328
375359
375367
375376
375429
375432
375435
375475
375509
375540
375562
375581
375604
375629
375650
375664
375665
375686
375724
375743
375746
375755
375760
375761
375764
375766
375768
375789
375795
375842
375843
375855
375873
375876
375904
375932
375934
375935
375964
376007
376043
376071
376095
376108
376113
376161
376188
376194
376197
376237
376303
376352
376400
376646
376812
376844
376946
377009
377081
377110
377133
377150
377221
377228
377244
377313
377358
377457
377547
377611
377632
377685
377705
377735
377856
377883
377885
377887
377932
377954
377978
378008
378096
378135
378157
378313
378321
378377
378446
378504
378509
378611
378613
378680
378730
378779
378895
378896
378904
378935
378946
378948
378990
378995
379000
379180
379181
379213
379245
379268
379302
379343
379418
379436
379510
379561
379638
379664
379684
379707
379746
379811
379814
379824
379841
379842
379858
379861
379879
379884
379976
380002
380012
380027
380044
380104
380161
380173
380311
380376
380425
380438
380457
380517
380545
380618
380769
380771
380916
380975
381033
381066
381069
381070
381100
381140
381167
381187
381192
381227
381237
381248
381270
381326
381428
381481
381494
381498
381512
381545
381546
381569
381574
381692
381702
381748
381759
381770
381824
381934
381937
382235
382262
382308
382434
382442
382464
382515
382524
382631
382797
382809
382899
383021
383025
383099
383133
383151
383185
383244
383269
383298
383420
383427
383452
383520
383533
383544
383580
383607
383641
383673
383691
383721
383768
383821
383822
383837
383851
383884
383898
383908
383973
384013
384028
384041
384066
384069
384099
384331
384355
384368
384369
384398
384400
384415
384488
384504
384512
384528
384576
384587
384625
384628
384638
384676
384777
384812
384844
384864
384917
384922
384924
384929
385020
385088
385091
385092
385094
385104
385107
385109
385111
385115
385120
385125
385129
385133
385136
385138
385147
385149
385150
385152
385153
385154
385159
385160
385171
385177
385178
385179
385180
385181
385193
385194
385195
385197
385208
385215
385216
385220
385226
385230
385257
385260
385268
385273
385274
385281
385283
385286
385287
385302
385310
385316
385319
385321
385324
385331
385340
385342
385343
385344
385346
385353
385354
385360
385364
385386
385400
385401
385404
385411
385416
385418
385423
385431
385432
385434
385438
385442
385448
385451
385458
385460
385462
385475
385477
385482
385493
385494
385498
385502
385504
385506
385507
385512
385515
385516
385518
385520
385522
385527
385531
385532
385537
385542
385548
385551
385552
385554
385559
385567
385568
385569
385575
385580
385582
385583
385584
385587
385589
385590
385598
385600
385606
385609
385611
385621
385622
385623
385624
385626
385627
385635
385640
385655
385664
385670
385672
385678
385680
385686
385687
385692
385696
385699
385704
385705
385709
385713
385715
385722
385725
385746
385751
385753
385758
385763
385832
385848
385928
385944
385955
386006
386056
386084
386114
386180
386199
386297
386302
386312
386316
386321
386326
386336
386339
386341
386351
386406
386469
386474
386622
386632
386652
386660
386720
386798
386807
386809
386811
386812
386816
386829
386834
386842
386844
386850
386852
386856
386858
386862
386866
386869
386873
386885
386894
386909
386913
386915
386916
386926
386931
386934
386936
386940
386944
386947
386949
386975
386985
386987
386992
386994
387000
387002
387003
387010
387014
387022
387023
387024
387030
387033
387034
387035
387036
387038
387041
387047
387048
387055
387056
387065
387067
387071
387075
387082
387085
387094
387095
387096
387101
387111
387112
387124
387128
387131
387141
387142
387144
387148
387150
387157
387160
387166
387171
387192
387206
387207
387215
387219
387223
387228
387231
387237
387241
387251
387253
387260
387268
387270
387281
387282
387285
387290
387291
387293
387310
387350
387386
387532
387582
387608
387650
387713
387719
387754
387764
387828
387843
387902
387931
387937
387944
387945
387946
387952
387954
387971
387979
387990
387994
388007
388008
388009
388011
388017
388034
388036
388042
388044
388048
388053
388060
388072
388074
388076
388096
388166
388171
388176
388319
388363
388365
388384
388387
388442
388444
388465
388521
388531
388536
388549
388566
388585
388608
388662
388672
388737
388738
388757
388808
388848
388856
388857
388860
388882
388884
388901
388902
388945
388969
388999
389052
389180
389186
389319
389413
389569
389587
389604
389673
389676
389702
389743
389801
389831
389832
389857
389904
389925
389954
389969
389981
390014
390025
390026
390033
390034
390058
390065
390077
390096
390127
390400
390430
390452
390473
390474
390529
390604
390609
390758
390780
390838
390867
390956
390959
391006
391215
391216
391321
391385
391416
391520
391536
391562
391695
391713
391742
391856
391868
391906
391907
391909
391927
392025
392089
392099
392152
392206
392212
392218
392220
392231
392252
392284
392442
392472
392525
392561
392588
392608
392611
392626
392635
392638
392640
392643
392646
392668
392723
392724
392726
392738
392750
392803
392897
392918
392928
392937
392951
392989
393001
393033
393055
393059
393118
393126
393135
393180
393217
393219
393220
393238
393343
393383
393406
393412
393441
393443
393470
393510
393559
393570
393588
393620
393685
393701
393704
393726
393791
393801
393829
393911
393912
393930
393946
393991
394137
394146
394159
394184
394210
394221
394229
394268
394294
394303
394369
394466
394500
394504
394512
394560
394600
394678
394707
394714
394811
394820
394855
394858
395037
395055
395065
395074
395083
395095
395145
395161
395162
395245
395285
395304
395322
395423
395553
395562
395599
395636
395637
395646
395663
395665
395667
395668
395669
395671
395673
395677
395695
395696
395704
395706
395713
395719
395722
395724
395727
395736
395742
395743
395744
395749
395764
395789
395798
395800
395805
395810
395811
395813
395814
395817
395818
395820
395824
395826
395838
395839
395840
395851
395864
395872
395884
395905
395915
395924
395945
395949
395971
395972
395975
395979
395980
395982
395985
395989
395992
395993
395994
395995
395996
396002
396004
396009
396010
396019
396023
396025
396028
396029
396030
396032
396039
396045
396047
396049
396050
396053
396054
396055
396056
396057
396058
396059
396060
396063
396065
396066
396073
396074
396077
396079
396080
396082
396084
396085
396089
396092
396099
396103
396104
396105
396106
396107
396108
396109
396110
396112
396113
396114
396116
396117
396118
396119
396122
396123
396126
396155
396292
396354
396356
396418
396434
396462
396470
396590
396691
396705
396709
396828
396856
396868
396872
396902
396905
396951
397032
397034
397113
397160
397201
397209
397252
397350
397366
397459
397474
397484
397541
397565
397572
397607
397707
397740
397745
397752
397913
397998
398081
398096
398145
398171
398222
398236
398246
398293
398327
398417
398510
398519
398652
398664
398685
398728
398890
398933
398965
399020
399056
399082
399083
399192
399195
399221
399230
399272
399284
399288
399305
399350
399371
399476
399518
399523
399538
399644
399649
399663
399734
399737
399750
399802
399835
399838
399879
399880
399885
399921
399959
400009
400010
400019
400029
400034
400134
400194
400286
400312
400350
400357
400542
400549
400624
400629
400673
400731
400735
400784
400817
400847
400905
400913
400917
401015
401052
401087
401088
401096
401105
401219
401263
401278
401373
401387
401388
401390
401446
401460
401476
401483
401486
401525
401540
401579
401583
401613
401615
401640
401708
401812
401816
401833
401836
401912
401945
401973
401981
401994
402038
402071
402105
402132
402159
402180
402183
402202
402263
402335
402339
402370
402371
402372
402399
402405
402472
402485
402545
402571
402581
402663
402667
402680
402701
402705
402709
402729
402742
402775
402783
402823
402837
402857
402902
402912
402922
402944
402955
402985
403113
403138
403145
403255
403272
403350
403452
403456
403477
403558
403675
403929
404046
404048
404055
404073
404120
404130
404164
404186
404215
404359
404399
404467
404491
404492
404644
404656
404690
404693
404739
404758
404773
404806
404841
404842
404916
404926
404977
404979
404980
405133
405207
405308
405313
405365
405385
405405
405416
405424
405430
405434
405462
405472
405485
405501
405527
405550
405565
405572
405590
405622
405642
405647
405680
405708
405750
405760
405777
405805
405806
405900
405913
405920
405948
405965
405995
406003
406007
406018
406019
406048
406103
406134
406145
406185
406225
406236
406249
406282
406287
406294
406316
406336
406345
406346
406355
406463
406465
406472
406476
406567
406568
406569
406595
406609
406646
406660
406668
406680
406697
406700
406718
406722
406766
406830
406992
407033
407050
407079
407082
407114
407153
407218
407223
407335
407375
407392
407444
407460
407475
407549
407569
407571
407614
407673
407691
407705
407733
407736
407773
407804
407824
407851
407852
407898
407904
407928
407958
407966
407979
407995
408040
408064
408068
408111
408134
408149
408176
408187
408192
408204
408224
408241
408250
408251
408280
408311
408313
408323
408361
408395
408470
408510
408523
408547
408582
408631
408645
408670
408678
408682
408683
408689
408691
408696
408706
408712
408728
408773
408850
408874
408883
408942
408946
409004
409005
409006
409034
409046
409068
409072
409098
409112
409122
409126
409137
409141
409155
409156
409179
409434
409436
409439
409446
409515
409616
409627
409643
409709
409715
409735
409774
409823
409835
409837
409848
409863
409905
409912
409918
409975
410013
410024
410068
410136
410193
410249
410261
410291
410328
410356
410361
410400
410432
410446
410488
410527
410540
410547
410583
410613
410630
410639
410642
410676
410687
410688
410712
410720
410722
410727
410730
410735
410773
410831
410875
410906
410926
410948
410972
410982
411004
411034
411057
411196
411229
411251
411308
411393
411495
411497
411519
411523
411540
411552
411565
411628
411717
411811
411845
411866
411912
411926
411972
411973
411995
412007
412030
412118
412146
412185
412218
412262
412266
412273
412282
412317
412433
412441
412480
412496
412557
412612
412657
412807
412896
412965
412988
412993
413002
413045
413060
413077
413087
413090
413129
413130
413144
413159
413176
413277
413363
413416
413430
413488
413489
413501
413521
413556
413565
413646
413705
413723
413790
413813
413850
413866
413893
413911
413914
413927
413942
413951
413954
413960
413966
413973
413976
413984
413987
413989
414071
414177
414192
414199
414242
414254
414268
414287
414309
414319
414366
414376
414380
414402
414417
414491
414500
414520
414571
414642
414703
414725
414797
414882
414896
414907
414916
414953
414956
415025
415038
415039
415043
415044
415054
415060
415108
415116
415176
415179
415219
415302
415304
415316
415363
415364
415388
415399
415403
415406
415409
415425
415439
415482
415487
415562
415572
415621
415813
415860
415933
415934
415945
416011
416207
416226
416229
416230
416259
416261
416272
416293
416297
416301
416310
416323
416329
416377
416389
416475
416524
416535
416537
416592
416596
416599
416614
416622
416633
416653
416656
416682
416699
416708
416848
416862
416869
416875
416892
416904
416918
416930
416933
416934
416936
416939
416945
416947
416948
416950
416955
416959
416960
416962
416964
416974
416996
417040
417064
417078
417246
417263
417308
417365
417374
417383
417500
417503
417540
417560
417622
417703
417745
417757
417837
417894
417916
417917
417930
417934
417993
418058
418101
418142
418229
418251
418269
418302
418336
418352
418357
418367
418424
418447
418468
418593
418616
418655
418663
418696
418735
418757
418863
418892
418931
418940
419022
419023
419024
419026
419028
419029
419047
419093
419110
419142
419212
419246
419249
419255
419275
419289
419352
419472
419474
419532
419635
419651
419669
419843
419878
420010
420011
420015
420045
420056
420057
420089
420145
420181
420328
420457
420686
420709
420717
420742
420832
420916
420926
420930
420934
420947
420950
420953
420960
420969
420971
420973
420974
420975
420980
420982
420983
420984
420992
420993
420996
420999
421001
421002
421006
421017
421020
421023
421024
421027
421028
421031
421034
421035
421037
421039
421041
421043
421044
421045
421046
421047
421048
421050
421052
421053
421054
421055
421058
421059
421060
421061
421063
421064
421065
421066
421067
421071
421073
421074
421075
421078
421079
421080
421081
421089
421110
421151
421154
421159
421160
421255
421290
421351
421357
421360
421390
421402
421404
421448
421509
421612
421614
421645
421677
421754
421768
421870
421872
421880
421892
421897
421913
421918
421929
421932
421943
421948
421958
421960
421964
421969
421973
421990
421997
422005
422016
422018
422063
422242
422258
422326
422360
422361
422379
422419
422442
422456
422493
422506
422532
422589
422606
422668
422744
422745
422746
422783
422838
422855
422875
422951
423008
423013
423016
423018
423032
423066
423081
423109
423136
423168
423178
423225
423226
423277
423320
423321
423336
423338
423378
423404
423412
423421
423429
423436
423459
423489
423505
423545
423549
423582
423592
423598
423631
423632
423636
423668
423708
423780
423790
423889
423932
423948
423952
424027
424033
424054
424114
424148
424172
424188
424363
424384
424410
424443
424532
424591
424611
424674
424723
424825
424878
424881
424888
424948
424964
424965
424994
425005
425018
425024
425148
425149
425162
425223
425227
425250
425373
425377
425384
425385
425386
425407
425426
425481
425559
425582
425618
425626
425628
425645
425706
425768
425794
425882
425894
425899
425931
425985
426002
426024
426045
426066
426080
426102
426105
426113
426119
426120
426128
426130
426135
426150
426152
426154
426155
426157
426191
426207
426240
426263
426291
426422
426428
426541
426552
426619
426642
426693
426723
426777
426891
426918
426983
426984
426985
426986
426987
426988
426989
426991
426992
426994
426995
426996
426997
427000
427001
427002
427005
427007
427008
427010
427011
427012
427013
427014
427016
427019
427020
427021
427024
427025
427026
427027
427028
427029
427030
427031
427032
427033
427034
427037
427038
427039
427040
427042
427044
427045
427046
427047
427050
427051
427052
427053
427055
427056
427057
427058
427059
427060
427061
427063
427066
427067
427068
427069
427072
427073
427074
427075
427076
427077
427078
427079
427082
427084
427085
427086
427087
427088
427089
427090
427091
427094
427095
427096
427097
427098
427100
427101
427102
427103
427105
427106
427108
427110
427111
427114
427115
427117
427118
427119
427120
427123
427125
427126
427127
427128
427133
427134
427135
427136
427137
427138
427139
427140
427141
427144
427145
427146
427147
427148
427149
427150
427151
427152
427153
427154
427155
427156
427158
427160
427161
427163
427165
427166
427167
427168
427169
427171
427172
427173
427174
427175
427176
427178
427179
427180
427181
427186
427187
427188
427189
427192
427193
427194
427195
427196
427199
427200
427201
427204
427205
427206
427209
427210
427211
427212
427213
427214
427215
427216
427219
427220
427221
427222
427224
427225
427227
427230
427234
427238
427239
427240
427241
427243
427244
427245
427247
427249
427251
427252
427253
427255
427256
427257
427258
427260
427262
427264
427267
427270
427272
427273
427274
427277
427279
427280
427281
427284
427285
427286
427287
427289
427290
427291
427292
427293
427297
427299
427300
427301
427302
427303
427304
427305
427306
427308
427309
427310
427311
427312
427314
427315
427319
427321
427322
427323
427324
427326
427329
427330
427331
427332
427333
427334
427335
427336
427337
427338
427339
427340
427343
427344
427345
427346
427348
427349
427351
427352
427353
427355
427356
427358
427359
427360
427362
427363
427365
427366
427372
427374
427377
427378
427380
427382
427383
427385
427388
427389
427393
427394
427395
427396
427398
427400
427401
427402
427404
427405
427406
427407
427409
427410
427411
427412
427413
427416
427417
427418
427421
427423
427425
427427
427428
427429
427430
427431
427433
427434
427437
427438
427440
427441
427442
427443
427444
427445
427446
427447
427448
427449
427450
427451
427452
427453
427454
427455
427457
427459
427461
427462
427463
427466
427468
427469
427470
427471
427472
427473
427476
427477
427478
427479
427482
427483
427484
427485
427486
427487
427489
427491
427494
427495
427496
427497
427498
427499
427500
427501
427502
427503
427504
427505
427506
427507
427508
427509
427510
427512
427513
427514
427515
427516
427517
427520
427521
427522
427523
427524
427526
427527
427528
427529
427530
427531
427532
427533
427534
427535
427536
427537
427538
427540
427541
427542
427543
427544
427546
427547
427548
427550
427551
427552
427553
427554
427555
427559
427560
427562
427563
427564
427565
427566
427568
427570
427571
427572
427573
427575
427577
427580
427581
427582
427583
427584
427586
427588
427589
427590
427591
427592
427593
427594
427595
427596
427597
427598
427600
427601
427603
427605
427606
427607
427608
427609
427611
427612
427614
427617
427618
427619
427620
427621
427622
427624
427626
427627
427628
427630
427632
427634
427635
427636
427638
427639
427640
427641
427642
427643
427644
427645
427648
427649
427650
427651
427652
427654
427656
427658
427660
427661
427662
427663
427664
427666
427667
427668
427669
427670
427671
427672
427673
427674
427676
427677
427680
427681
427684
427685
427686
427689
427690
427691
427692
427693
427694
427695
427696
427697
427698
427699
427700
427701
427702
427704
427706
427707
427708
427710
427711
427712
427713
427720
427721
427722
427724
427728
427729
427731
427732
427733
427735
427736
427737
427739
427740
427741
427743
427745
427746
427747
427749
427751
427752
427753
427754
427756
427757
427758
427759
427760
427761
427762
427766
427767
427769
427771
427772
427775
427777
427778
427779
427780
427781
427782
427783
427787
427788
427789
427790
427792
427793
427794
427795
427796
427797
427798
427799
427803
427804
427805
427806
427809
427810
427811
427813
427814
427816
427817
427821
427822
427825
427826
427827
427828
427829
427832
427833
427834
427838
427840
427841
427842
427844
427845
427846
427851
427852
427854
427855
427856
427858
427859
427860
427861
427862
427864
427866
427868
427869
427870
427871
427872
427875
427876
427877
427879
427880
427883
427884
427885
427886
427887
427888
427890
427891
427892
427893
427894
427895
427896
427897
427899
427900
427901
427904
427905
427906
427908
427909
427910
427911
427913
427915
427917
427918
427919
427920
427921
427922
427923
427924
427925
427926
427928
427929
427931
427932
427935
427936
427940
427941
427943
427944
427945
427947
427949
427950
427952
427954
427955
427956
427957
427959
427960
427961
427962
427963
427966
427967
427968
427970
427971
427972
427973
427975
427976
427977
427978
427979
427980
427981
427982
427985
427986
427987
427989
427991
427992
427993
427994
427995
427996
427997
427998
427999
428000
428003
428004
428006
428007
428008
428009
428010
428011
428014
428015
428016
428017
428018
428019
428021
428022
428023
428024
428025
428026
428027
428028
428029
428030
428031
428032
428034
428035
428036
428037
428040
428041
428042
428043
428045
428046
428047
428048
428050
428051
428052
428053
428054
428057
428058
428059
428060
428064
428065
428069
428070
428071
428072
428076
428079
428080
428081
428083
428084
428085
428086
428087
428089
428091
428092
428093
428095
428096
428097
428098
428099
428100
428101
428102
428104
428105
428106
428108
428109
428110
428111
428112
428113
428114
428115
428116
428117
428118
428119
