Target,Acquirer,Year
4777,265,2002
7909,47,2002
6361,2311,2002
1395,14,2002
7909,47,2002
6743,8051,2002
7191,7568,2002
6887,8085,2002
4294,8113,2002
8009,96,2002
5058,6368,2002
7195,6524,2002
6667,2471,2002
4374,8397,2002
6871,23,2002
868,1904,2002
8483,251,2002
6361,2311,2002
7309,6460,2002
6844,6843,2002
6897,966,2002
6879,6469,2002
4746,7032,2002
298,1894,2003
7971,7989,2003
4561,5386,2003
5739,8054,2003
4013,4996,2003
6065,5608,2003
7064,8079,2003
4693,8113,2003
6374,6303,2003
1322,8169,2003
7768,8157,2003
7685,8157,2003
7453,3396,2003
2958,297,2003
4375,8193,2003
4155,2615,2003
6882,6872,2003
7572,5864,2003
5644,8429,2003
5900,7371,2003
6456,251,2003
4190,5844,2003
7571,6517,2003
6711,695,2003
7700,966,2003
5092,438,2003
7260,8690,2003
7401,5520,2003
5982,5611,2003
1439,265,2004
6456,251,2004
6523,187,2004
6356,270,2004
3980,1714,2004
8676,401,2004
3577,946,2004
7954,900,2004
7963,2265,2004
4505,6322,2004
4514,6322,2004
542,8085,2004
3451,2093,2004
1584,8113,2004
3729,4135,2004
6709,775,2004
5989,1839,2004
6358,8317,2004
1299,3681,2004
1696,1828,2004
1960,8391,2004
3276,8380,2004
1718,2046,2004
1334,1707,2004
2589,67,2004
958,8464,2004
4362,8469,2004
4905,8506,2004
7662,974,2004
1728,537,2004
6224,7714,2004
5609,966,2004
5786,966,2004
3955,966,2004
4340,6567,2004
2050,1718,2004
5629,386,2005
5907,1714,2005
6248,464,2005
5273,169,2005
4400,514,2005
7705,401,2005
1583,16,2005
2660,2680,2005
6525,2276,2005
8233,8051,2005
2675,2186,2005
7484,8157,2005
4787,233,2005
7316,3580,2005
1641,3696,2005
3624,52,2005
2647,52,2005
8141,1199,2005
7229,9,2005
7104,6906,2005
6421,323,2005
3386,4973,2005
5527,8354,2005
6673,8354,2005
1395,1338,2005
3588,595,2005
5406,621,2005
4134,1417,2005
3265,1645,2005
6381,2259,2005
1529,55,2005
4297,6607,2005
5634,8469,2005
4275,8469,2005
1384,8469,2005
3639,251,2005
2859,251,2005
1988,8514,2005
5637,6362,2005
4929,465,2005
6798,6517,2005
6479,959,2005
7088,660,2005
6901,966,2005
1080,413,2005
8051,72,2005
5478,6503,2005
6410,8654,2005
3968,1387,2005
3775,8684,2005
7670,6147,2005
2783,1291,2005
8607,1168,2005
6834,6310,2005
1510,1117,2005
6386,8145,2005
1184,373,2005
4710,938,2006
900,948,2006
7705,401,2006
6152,7953,2006
5053,6869,2006
4253,6560,2006
6029,2186,2006
1578,1906,2006
8064,4783,2006
221,4590,2006
7541,2180,2006
4212,8104,2006
7519,8131,2006
7105,8157,2006
7099,1771,2006
6972,2644,2006
2967,1164,2006
3226,1161,2006
4490,52,2006
6859,725,2006
7977,9,2006
4077,9,2006
2045,9,2006
8028,280,2006
3573,8352,2006
3960,5741,2006
2786,23,2006
2042,1707,2006
7576,8439,2006
763,802,2006
3600,6574,2006
4808,11,2006
6535,8517,2006
2672,1049,2006
3414,5621,2006
1706,8590,2006
4520,4778,2006
1524,966,2006
4947,801,2006
4570,438,2006
3366,8652,2006
3444,8703,2006
7114,8703,2006
1862,1716,2006
2629,948,2007
5964,814,2007
4999,514,2007
5917,4467,2007
4312,1522,2007
8017,7730,2007
1277,562,2007
4372,938,2007
6683,8051,2007
1593,4783,2007
7459,961,2007
4558,199,2007
1005,199,2007
5450,2254,2007
6180,2254,2007
7989,5977,2007
8561,69,2007
5530,6455,2007
8546,477,2007
4810,8113,2007
5148,8113,2007
1787,8155,2007
4935,1040,2007
3744,3580,2007
817,8205,2007
3359,187,2007
2940,964,2007
7813,923,2007
6194,569,2007
6317,52,2007
4459,725,2007
8057,6465,2007
8413,1199,2007
3993,8314,2007
1179,921,2007
1914,1859,2007
4448,4753,2007
7646,226,2007
4301,3571,2007
5358,1428,2007
6675,4112,2007
3481,3458,2007
8182,133,2007
2135,8469,2007
4689,7633,2007
414,4475,2007
1333,1154,2007
5084,3340,2007
7535,8513,2007
4945,216,2007
3436,537,2007
7466,3134,2007
6881,6502,2007
2992,932,2007
2751,8538,2007
7394,424,2007
2466,8557,2007
785,805,2007
6532,322,2007
2668,1124,2007
1300,1251,2007
6772,253,2007
7554,5493,2007
5857,695,2007
7392,2845,2007
8503,3678,2007
6787,8145,2007
2365,2310,2007
7707,3702,2007
3961,4113,2007
7459,961,2008
4710,57,2008
3563,139,2008
5144,779,2008
7742,5113,2008
6004,2263,2008
6877,6869,2008
1837,1906,2008
7044,883,2008
6480,4218,2008
3985,8149,2008
5011,2068,2008
4182,596,2008
5618,829,2008
4525,6868,2008
4363,8193,2008
4562,8202,2008
2381,277,2008
8332,258,2008
2682,6847,2008
4579,52,2008
3408,1199,2008
692,2575,2008
4474,9,2008
5760,5526,2008
1803,2325,2008
772,482,2008
831,8325,2008
1780,1777,2008
3120,2303,2008
6513,6299,2008
4243,6097,2008
4136,2830,2008
793,595,2008
5378,595,2008
567,23,2008
5603,23,2008
5884,5817,2008
6044,4379,2008
3606,8443,2008
8161,802,2008
1797,8469,2008
5548,210,2008
4452,8480,2008
6698,251,2008
8221,8493,2008
824,4204,2008
4777,4204,2008
8405,4204,2008
4984,8538,2008
5002,3385,2008
87,205,2008
5078,400,2008
4519,3565,2008
4502,1979,2008
3378,2157,2008
4638,2234,2008
6510,4659,2008
2372,8719,2008
3464,5672,2008
4779,251,2009
7725,1521,2009
4779,961,2009
2765,7952,2009
634,7953,2009
1597,7175,2009
8687,139,2009
1392,0,2009
5441,5519,2009
1992,166,2009
7864,8048,2009
5767,6710,2009
5788,6710,2009
6541,562,2009
6234,488,2009
4724,119,2009
4262,41,2009
5389,477,2009
5064,8113,2009
7520,6071,2009
3605,3994,2009
8114,8157,2009
4464,4748,2009
8061,1259,2009
2315,2548,2009
1924,212,2009
1142,8215,2009
5601,52,2009
4238,5680,2009
6370,12,2009
4189,8354,2009
290,128,2009
4504,4293,2009
1956,595,2009
1629,595,2009
2651,595,2009
4417,845,2009
5939,4181,2009
442,439,2009
1175,8439,2009
2475,3458,2009
6647,7749,2009
4429,974,2009
6750,734,2009
4192,5901,2009
2869,3134,2009
588,7368,2009
698,8544,2009
1034,205,2009
7954,444,2009
4603,8591,2009
6717,966,2009
1884,40,2009
3953,8652,2009
2932,8654,2009
6372,3840,2009
3320,5430,2009
7675,1577,2009
6526,1544,2010
3694,4454,2010
6459,839,2010
1437,377,2010
38,207,2010
7423,2265,2010
1713,2265,2010
2657,2265,2010
4690,4829,2010
4284,2186,2010
7885,4686,2010
7899,3263,2010
3158,8157,2010
6526,1544,2010
4085,2847,2010
7566,3950,2010
6601,1161,2010
7094,187,2010
2884,2920,2010
4169,971,2010
357,8314,2010
2387,5683,2010
4366,6046,2010
1570,6547,2010
3566,3537,2010
6568,768,2010
5008,8397,2010
4435,23,2010
7164,7560,2010
6025,4926,2010
8281,1549,2010
4530,8429,2010
6057,226,2010
3627,67,2010
1745,388,2010
1879,2376,2010
2752,688,2010
7522,2115,2010
6227,8513,2010
6775,974,2010
5794,4204,2010
6215,3134,2010
3629,966,2010
1256,1257,2010
6062,6,2010
715,438,2010
8194,8654,2010
8074,8697,2010
2341,5430,2010
5367,5430,2010
1074,8715,2010
1760,14,2011
3516,139,2011
8458,7969,2011
684,461,2011
7974,1406,2011
7040,7988,2011
752,16,2011
6187,47,2011
6205,364,2011
2409,7162,2011
8473,371,2011
2735,2265,2011
2692,3376,2011
4612,2203,2011
8710,1581,2011
354,970,2011
6660,6088,2011
687,8166,2011
7996,5124,2011
8235,7782,2011
6536,96,2011
1174,8207,2011
3846,8207,2011
3716,1178,2011
7030,187,2011
7903,187,2011
7425,2097,2011
1289,1149,2011
5156,8268,2011
560,2109,2011
3185,8335,2011
6817,6046,2011
3637,7632,2011
4347,595,2011
4589,6532,2011
5106,237,2011
7896,55,2011
2354,802,2011
5034,7310,2011
2737,2791,2011
3199,1866,2011
1281,1198,2011
1255,261,2011
7248,1049,2011
2312,807,2011
7562,7727,2011
4639,7206,2011
7002,51,2011
8165,3117,2011
3345,40,2011
7225,2967,2011
7848,8654,2011
4356,8654,2011
8338,112,2011
1850,4916,2011
1891,4916,2011
5736,322,2012
4779,961,2012
7903,187,2012
7122,7933,2012
1491,14,2012
5024,618,2012
6629,169,2012
1388,7984,2012
5872,7988,2012
4252,5519,2012
902,4718,2012
6233,364,2012
3084,3017,2012
7177,6790,2012
2491,1852,2012
3853,477,2012
7171,8128,2012
2744,8157,2012
4229,681,2012
5789,5155,2012
1595,89,2012
776,239,2012
2743,8193,2012
4518,3655,2012
5341,8211,2012
8466,569,2012
2198,725,2012
4619,2471,2012
8447,59,2012
4804,1077,2012
2690,5741,2012
8164,5741,2012
4738,5147,2012
256,1157,2012
1422,1505,2012
8624,856,2012
6968,8408,2012
4213,8408,2012
2544,8435,2012
5187,431,2012
4438,8426,2012
5666,237,2012
4491,6740,2012
4870,67,2012
5715,4923,2012
3804,8469,2012
3206,2414,2012
2000,443,2012
4174,260,2012
5392,5376,2012
7045,2800,2012
7612,465,2012
2704,8610,2012
3565,966,2012
912,438,2012
936,3305,2012
5696,4123,2012
4802,8662,2012
5972,1827,2012
8310,777,2012
6661,8703,2012
2594,8705,2012
7509,4980,2012
